0 35.7283
2.0275e-06 35.7127
4.05501e-06 35.6659
6.08251e-06 35.5881
8.11001e-06 35.4797
1.01375e-05 35.3413
1.2165e-05 35.1735
1.41925e-05 34.9771
1.622e-05 34.7532
1.82475e-05 34.5026
2.0275e-05 34.2267
2.23025e-05 33.9267
2.433e-05 33.6039
2.63575e-05 33.2597
2.8385e-05 32.8957
3.04125e-05 32.5135
3.244e-05 32.1145
3.44675e-05 31.7004
3.64951e-05 31.2729
3.85226e-05 30.8334
4.05501e-05 30.3837
4.25776e-05 29.9253
4.46051e-05 29.4598
4.66326e-05 28.9886
4.86601e-05 28.5132
5.06876e-05 28.0351
5.27151e-05 27.5554
5.47426e-05 27.0755
5.67701e-05 26.5965
5.87976e-05 26.1194
6.08251e-05 25.6454
6.28526e-05 25.1753
6.48801e-05 24.7099
6.69076e-05 24.25
6.89351e-05 23.7961
7.09626e-05 23.3489
7.29901e-05 22.9089
7.50176e-05 22.4764
7.70451e-05 22.0518
7.90726e-05 21.6353
8.11001e-05 21.2271
8.31276e-05 20.8273
8.51551e-05 20.436
8.71826e-05 20.0533
8.92101e-05 19.679
9.12376e-05 19.3131
9.32651e-05 18.9555
9.52926e-05 18.6061
9.73201e-05 18.2647
9.93476e-05 17.9311
0.000101375 17.605
0.000103403 17.2864
0.00010543 16.9749
0.000107458 16.6704
0.000109485 16.3725
0.000111513 16.081
0.00011354 15.7958
0.000115568 15.5165
0.000117595 15.243
0.000119623 14.975
0.00012165 14.7124
0.000123678 14.4548
0.000125705 14.2022
0.000127733 13.9543
0.00012976 13.711
0.000131788 13.4722
0.000133815 13.2376
0.000135843 13.0071
0.00013787 12.7807
0.000139898 12.5582
0.000141925 12.3395
0.000143953 12.1245
0.00014598 11.9131
0.000148008 11.7052
0.000150035 11.5008
0.000152063 11.2998
0.00015409 11.1022
0.000156118 10.9078
0.000158145 10.7166
0.000160173 10.5287
0.0001622 10.3438
0.000164228 10.1621
0.000166255 9.9834
0.000168283 9.80773
0.00017031 9.63504
0.000172338 9.4653
0.000174365 9.29846
0.000176393 9.13451
0.00017842 8.9734
0.000180448 8.81509
0.000182475 8.65956
0.000184503 8.50677
0.00018653 8.35669
0.000188558 8.20927
0.000190585 8.06448
0.000192613 7.92229
0.00019464 7.78265
0.000196668 7.64553
0.000198695 7.51088
0.000200723 7.37867
0.00020275 7.24886
0.000204778 7.1214
0.000206805 6.99625
0.000208833 6.87337
0.00021086 6.75272
0.000212888 6.63424
0.000214915 6.51791
0.000216943 6.40367
0.00021897 6.29147
0.000220998 6.18129
0.000223025 6.07306
0.000225053 5.96675
0.00022708 5.86231
0.000229108 5.7597
0.000231135 5.65888
0.000233163 5.5598
0.00023519 5.46241
0.000237218 5.36669
0.000239245 5.27258
0.000241273 5.18004
0.0002433 5.08904
0.000245328 4.99953
0.000247355 4.91148
0.000249383 4.82484
0.00025141 4.73959
0.000253438 4.65568
0.000255465 4.57308
0.000257493 4.49175
0.00025952 4.41166
0.000261548 4.33278
0.000263575 4.25508
0.000265603 4.17852
0.00026763 4.10308
0.000269658 4.02872
0.000271685 3.95542
0.000273713 3.88315
0.00027574 3.81189
0.000277768 3.74161
0.000279795 3.67228
0.000281823 3.60389
0.00028385 3.5364
0.000285878 3.46981
0.000287905 3.40409
0.000289933 3.33922
0.00029196 3.27518
0.000293988 3.21195
0.000296015 3.14953
0.000298043 3.08788
0.00030007 3.027
0.000302098 2.96687
0.000304125 2.90748
0.000306153 2.84882
0.00030818 2.79086
0.000310208 2.73361
0.000312235 2.67705
0.000314263 2.62117
0.00031629 2.56596
0.000318318 2.51142
0.000320345 2.45753
0.000322373 2.40428
0.0003244 2.35167
0.000326428 2.29969
0.000328455 2.24834
0.000330483 2.19761
0.00033251 2.14749
0.000334538 2.09798
0.000336565 2.04907
0.000338593 2.00076
0.00034062 1.95305
0.000342648 1.90593
0.000344675 1.8594
0.000346703 1.81346
0.00034873 1.7681
0.000350758 1.72332
0.000352785 1.67912
0.000354813 1.6355
0.00035684 1.59246
0.000358868 1.54998
0.000360895 1.50808
0.000362923 1.46675
0.000364951 1.426
0.000366978 1.38581
0.000369006 1.34619
0.000371033 1.30714
0.000373061 1.26866
0.000375088 1.23074
0.000377116 1.1934
0.000379143 1.15662
0.000381171 1.12041
0.000383198 1.08476
0.000385226 1.04969
0.000387253 1.01518
0.000389281 0.981242
0.000391308 0.947872
0.000393336 0.915071
0.000395363 0.88284
0.000397391 0.851178
0.000399418 0.820087
0.000401446 0.789566
0.000403473 0.759617
0.000405501 0.730239
0.000407528 0.701434
0.000409556 0.673201
0.000411583 0.645542
0.000413611 0.618456
0.000415638 0.591945
0.000417666 0.566009
0.000419693 0.540648
0.000421721 0.515863
0.000423748 0.491654
0.000425776 0.468023
0.000427803 0.444968
0.000429831 0.422492
0.000431858 0.400594
0.000433886 0.379275
0.000435913 0.358535
0.000437941 0.338375
0.000439968 0.318795
0.000441996 0.299796
0.000444023 0.281377
0.000446051 0.26354
0.000448078 0.246285
0.000450106 0.229611
0.000452133 0.21352
0.000454161 0.198011
0.000456188 0.183086
0.000458216 0.168743
0.000460243 0.154984
0.000462271 0.141809
0.000464298 0.129218
0.000466326 0.117211
0.000468353 0.105789
0.000470381 0.0949507
0.000472408 0.0846976
0.000474436 0.0750295
0.000476463 0.0659466
0.000478491 0.057449
0.000480518 0.0495368
0.000482546 0.0422103
0.000484573 0.0354694
0.000486601 0.0293144
0.000488628 0.0237452
0.000490656 0.0187621
0.000492683 0.014365
0.000494711 0.010554
0.000496738 0.00732929
0.000498766 0.0046908
0.000500793 0.0026386
0.000502821 0.00117272
0.000504848 0.000293183
0.000506876 0
0.000508903 0.000293183
0.000510931 0.00117272
0.000512958 0.0026386
0.000514986 0.0046908
0.000517013 0.00732929
0.000519041 0.010554
0.000521068 0.014365
0.000523096 0.0187621
0.000525123 0.0237452
0.000527151 0.0293144
0.000529178 0.0354694
0.000531206 0.0422103
0.000533233 0.0495368
0.000535261 0.057449
0.000537288 0.0659466
0.000539316 0.0750295
0.000541343 0.0846976
0.000543371 0.0949507
0.000545398 0.105789
0.000547426 0.117211
0.000549453 0.129218
0.000551481 0.141809
0.000553508 0.154984
0.000555536 0.168743
0.000557563 0.183086
0.000559591 0.198011
0.000561618 0.21352
0.000563646 0.229611
0.000565673 0.246285
0.000567701 0.26354
0.000569728 0.281377
0.000571756 0.299796
0.000573783 0.318795
0.000575811 0.338375
0.000577838 0.358535
0.000579866 0.379275
0.000581893 0.400594
0.000583921 0.422492
0.000585948 0.444968
0.000587976 0.468023
0.000590003 0.491654
0.000592031 0.515863
0.000594058 0.540648
0.000596086 0.566009
0.000598113 0.591945
0.000600141 0.618456
0.000602168 0.645542
0.000604196 0.673201
0.000606223 0.701434
0.000608251 0.730239
0.000610278 0.759617
0.000612306 0.789566
0.000614333 0.820087
0.000616361 0.851178
0.000618388 0.88284
0.000620416 0.915071
0.000622443 0.947872
0.000624471 0.981242
0.000626498 1.01518
0.000628526 1.04969
0.000630553 1.08476
0.000632581 1.12041
0.000634608 1.15662
0.000636636 1.1934
0.000638663 1.23074
0.000640691 1.26866
0.000642718 1.30714
0.000644746 1.34619
0.000646773 1.38581
0.000648801 1.426
0.000650828 1.46675
0.000652856 1.50808
0.000654883 1.54998
0.000656911 1.59246
0.000658938 1.6355
0.000660966 1.67912
0.000662993 1.72332
0.000665021 1.7681
0.000667048 1.81346
0.000669076 1.8594
0.000671103 1.90593
0.000673131 1.95305
0.000675158 2.00076
0.000677186 2.04907
0.000679213 2.09798
0.000681241 2.14749
0.000683268 2.19761
0.000685296 2.24834
0.000687323 2.29969
0.000689351 2.35167
0.000691378 2.40428
0.000693406 2.45753
0.000695433 2.51142
0.000697461 2.56596
0.000699488 2.62117
0.000701516 2.67705
0.000703543 2.73361
0.000705571 2.79086
0.000707598 2.84882
0.000709626 2.90748
0.000711653 2.96687
0.000713681 3.027
0.000715708 3.08788
0.000717736 3.14953
0.000719763 3.21195
0.000721791 3.27518
0.000723818 3.33922
0.000725846 3.40409
0.000727874 3.46981
0.000729901 3.5364
0.000731929 3.60389
0.000733956 3.67228
0.000735984 3.74161
0.000738011 3.81189
0.000740039 3.88315
0.000742066 3.95542
0.000744094 4.02872
0.000746121 4.10308
0.000748149 4.17852
0.000750176 4.25508
0.000752204 4.33278
0.000754231 4.41166
0.000756259 4.49175
0.000758286 4.57308
0.000760314 4.65568
0.000762341 4.73959
0.000764369 4.82484
0.000766396 4.91148
0.000768424 4.99953
0.000770451 5.08904
0.000772479 5.18004
0.000774506 5.27258
0.000776534 5.36669
0.000778561 5.46241
0.000780589 5.5598
0.000782616 5.65888
0.000784644 5.7597
0.000786671 5.86231
0.000788699 5.96675
0.000790726 6.07306
0.000792754 6.18129
0.000794781 6.29147
0.000796809 6.40367
0.000798836 6.51791
0.000800864 6.63424
0.000802891 6.75272
0.000804919 6.87337
0.000806946 6.99625
0.000808974 7.1214
0.000811001 7.24886
0.000813029 7.37867
0.000815056 7.51088
0.000817084 7.64553
0.000819111 7.78265
0.000821139 7.92229
0.000823166 8.06448
0.000825194 8.20927
0.000827221 8.35669
0.000829249 8.50677
0.000831276 8.65956
0.000833304 8.81509
0.000835331 8.9734
0.000837359 9.13451
0.000839386 9.29846
0.000841414 9.4653
0.000843441 9.63504
0.000845469 9.80773
0.000847496 9.9834
0.000849524 10.1621
0.000851551 10.3438
0.000853579 10.5287
0.000855606 10.7166
0.000857634 10.9078
0.000859661 11.1022
0.000861689 11.2998
0.000863716 11.5008
0.000865744 11.7052
0.000867771 11.9131
0.000869799 12.1245
0.000871826 12.3395
0.000873854 12.5582
0.000875881 12.7807
0.000877909 13.0071
0.000879936 13.2376
0.000881964 13.4722
0.000883991 13.711
0.000886019 13.9543
0.000888046 14.2022
0.000890074 14.4548
0.000892101 14.7124
0.000894129 14.975
0.000896156 15.243
0.000898184 15.5165
0.000900211 15.7958
0.000902239 16.081
0.000904266 16.3725
0.000906294 16.6704
0.000908321 16.9749
0.000910349 17.2864
0.000912376 17.605
0.000914404 17.9311
0.000916431 18.2647
0.000918459 18.6061
0.000920486 18.9555
0.000922514 19.3131
0.000924541 19.679
0.000926569 20.0533
0.000928596 20.436
0.000930624 20.8273
0.000932651 21.2271
0.000934679 21.6353
0.000936706 22.0518
0.000938734 22.4764
0.000940761 22.9089
0.000942789 23.3489
0.000944816 23.7961
0.000946844 24.25
0.000948871 24.7099
0.000950899 25.1753
0.000952926 25.6454
0.000954954 26.1194
0.000956981 26.5965
0.000959009 27.0755
0.000961036 27.5554
0.000963064 28.0351
0.000965091 28.5132
0.000967119 28.9886
0.000969146 29.4598
0.000971174 29.9253
0.000973201 30.3837
0.000975229 30.8334
0.000977256 31.2729
0.000979284 31.7004
0.000981311 32.1145
0.000983339 32.5135
0.000985366 32.8957
0.000987394 33.2597
0.000989421 33.6039
0.000991449 33.9267
0.000993476 34.2267
0.000995504 34.5026
0.000997531 34.7532
0.000999559 34.9771
0.00100159 35.1735
0.00100361 35.3413
0.00100564 35.4797
0.00100767 35.5881
0.0010097 35.6659
0.00101172 35.7127
