3e+08 2.35714e-05 2.31024e-05 1.6144e-09 9.84921e-19 3.41172e-05 3.48099e-05 1.75441e-18 1.61439e-09
4.175e+08 3.7998e-05 3.69477e-05 5.82919e-09 2.69287e-18 6.57313e-05 6.75997e-05 7.85811e-18 5.82913e-09
5.35e+08 5.24643e-05 5.06098e-05 1.57762e-08 5.4473e-18 0.000157523 0.000163296 5.19273e-17 1.57757e-08
6.525e+08 6.64892e-05 6.36284e-05 3.64911e-08 9.44427e-18 0.000357378 0.000373446 1.98631e-16 3.6489e-08
7.7e+08 7.99989e-05 7.5945e-05 7.50393e-08 1.50786e-17 0.000649863 0.000684553 4.92855e-16 7.50333e-08
8.875e+08 9.30998e-05 8.76729e-05 1.39929e-07 2.30393e-17 0.000999828 0.00106172 9.77851e-16 1.39915e-07
1.005e+09 0.000106005 9.90216e-05 2.40983e-07 3.42856e-17 0.00138106 0.00147846 1.67958e-15 2.40957e-07
1.1225e+09 0.000118928 0.000110195 3.88627e-07 4.98778e-17 0.00177972 0.00192077 2.6018e-15 3.88584e-07
1.24e+09 0.000131926 0.000121246 5.89563e-07 7.06292e-17 0.00215088 0.00234035 3.66892e-15 5.89497e-07
1.3575e+09 0.000145077 0.000132245 8.47637e-07 9.72512e-17 0.00245858 0.00269714 4.7758e-15 8.47543e-07
1.475e+09 0.000158752 0.000143525 1.17031e-06 1.31066e-16 0.00271472 0.00300273 5.91169e-15 1.17018e-06
1.5925e+09 0.000173538 0.000155604 1.57001e-06 1.74228e-16 0.00295107 0.00329121 7.15543e-15 1.56984e-06
1.71e+09 0.00018997 0.000168932 2.05881e-06 2.29092e-16 0.00318235 0.00357869 8.5655e-15 2.05859e-06
1.8275e+09 0.000208414 0.000183797 2.64459e-06 2.97568e-16 0.00340502 0.00386111 1.01351e-14 2.64431e-06
1.945e+09 0.000229129 0.000200383 3.33123e-06 3.80987e-16 0.0036108 0.00412881 1.18228e-14 3.33089e-06
2.0625e+09 0.000252372 0.000218866 4.12e-06 4.80342e-16 0.00379219 0.00437278 1.35729e-14 4.11959e-06
2.18e+09 0.000278484 0.000239484 5.01132e-06 5.96722e-16 0.00394398 0.00458631 1.53229e-14 5.01084e-06
2.2975e+09 0.000307939 0.000262582 6.00698e-06 7.31811e-16 0.00406467 0.00476683 1.70198e-14 6.00641e-06
2.415e+09 0.000341342 0.000288601 7.11202e-06 8.88226e-16 0.00415801 0.00491793 1.86472e-14 7.11136e-06
2.5325e+09 0.000379385 0.000318039 8.33512e-06 1.06952e-15 0.00423216 0.00504855 2.02399e-14 8.33436e-06
2.65e+09 0.000422775 0.000351388 9.68686e-06 1.27987e-15 0.00429563 0.00516839 2.18619e-14 9.68599e-06
2.7675e+09 0.000472197 0.0003891 1.11774e-05 1.52363e-15 0.00435365 0.00528349 2.35661e-14 1.11764e-05
2.885e+09 0.0005283 0.000431582 1.28156e-05 1.80519e-15 0.00440782 0.00539569 2.53754e-14 1.28145e-05
3.0025e+09 0.000591721 0.000479212 1.46096e-05 2.12898e-15 0.00445785 0.00550454 2.72896e-14 1.46084e-05
3.12e+09 0.000663094 0.000532349 1.65676e-05 2.49952e-15 0.00450275 0.0056087 2.92949e-14 1.65662e-05
3.2375e+09 0.000743055 0.000591341 1.86977e-05 2.92139e-15 0.00454117 0.00570633 3.13653e-14 1.86961e-05
3.355e+09 0.000832244 0.000656516 2.10073e-05 3.3992e-15 0.00457157 0.0057953 3.3465e-14 2.10055e-05
3.4725e+09 0.000931307 0.000728197 2.35037e-05 3.93754e-15 0.00459273 0.00587382 3.55559e-14 2.35018e-05
3.59e+09 0.00104091 0.000806701 2.61946e-05 4.54109e-15 0.00460403 0.00594079 3.76059e-14 2.61925e-05
3.7075e+09 0.00116174 0.000892354 2.90887e-05 5.21482e-15 0.00460562 0.00599607 3.95951e-14 2.90864e-05
3.825e+09 0.00129455 0.0009855 3.21969e-05 5.96433e-15 0.0045984 0.00604053 4.15205e-14 3.21944e-05
3.9425e+09 0.00144013 0.0010865 3.5533e-05 6.79593e-15 0.0045839 0.00607593 4.33987e-14 3.55303e-05
4.06e+09 0.0015993 0.00119573 3.91134e-05 7.71667e-15 0.00456394 0.00610439 4.52604e-14 3.91104e-05
4.1775e+09 0.00177293 0.00131357 4.29549e-05 8.73414e-15 0.00454002 0.00612778 4.71383e-14 4.29517e-05
4.295e+09 0.00196189 0.00144037 4.70738e-05 9.85613e-15 0.00451308 0.00614724 4.9055e-14 4.70704e-05
4.4125e+09 0.00216705 0.00157648 5.14843e-05 1.10905e-14 0.00448346 0.00616311 5.1019e-14 5.14807e-05
4.53e+09 0.00238928 0.00172222 5.61984e-05 1.24449e-14 0.00445107 0.00617518 5.3025e-14 5.61944e-05
4.6475e+09 0.00262947 0.0018779 6.1225e-05 1.39271e-14 0.00441559 0.00618286 5.50568e-14 6.12208e-05
4.765e+09 0.00288846 0.00204379 6.65706e-05 1.55447e-14 0.00437657 0.00618542 5.70904e-14 6.65661e-05
4.8825e+09 0.00316712 0.00222014 7.22389e-05 1.73054e-14 0.00433361 0.00618215 5.90986e-14 7.22341e-05
5e+09 0.00346627 0.00240717 7.82309e-05 1.92169e-14 0.00428648 0.00617253 6.10562e-14 7.82258e-05
5.1175e+09 0.00378671 0.00260504 8.4545e-05 2.12872e-14 0.00423518 0.0061564 6.29473e-14 8.45396e-05
5.235e+09 0.0041292 0.00281388 9.11776e-05 2.35243e-14 0.00418006 0.00613407 6.4771e-14 9.11719e-05
5.3525e+09 0.00449439 0.00303376 9.81226e-05 2.59366e-14 0.00412173 0.00610627 6.65425e-14 9.81166e-05
5.47e+09 0.00488287 0.00326463 0.000105371 2.85324e-14 0.00406094 0.00607398 6.82886e-14 0.000105365
5.5875e+09 0.00529507 0.00350639 0.00011291 3.13198e-14 0.00399835 0.00603807 7.00366e-14 0.000112904
5.705e+09 0.00573122 0.00375876 0.000120721 3.43063e-14 0.0039344 0.00599911 7.18032e-14 0.000120714
5.8225e+09 0.00619137 0.00402136 0.000128779 3.74982e-14 0.00386924 0.00595725 7.35893e-14 0.000128772
5.94e+09 0.00667525 0.00429361 0.000137053 4.09007e-14 0.00380285 0.00591235 7.53805e-14 0.000137046
6.0575e+09 0.00718231 0.00457475 0.000145507 4.45173e-14 0.00373511 0.00586417 7.71543e-14 0.000145499
6.175e+09 0.00771162 0.00486379 0.000154098 4.83499e-14 0.00366597 0.00581253 7.88883e-14 0.000154089
6.2925e+09 0.00826182 0.00515954 0.000162782 5.23984e-14 0.00359551 0.00575747 8.05666e-14 0.000162773
6.41e+09 0.00883107 0.00546051 0.00017151 5.66607e-14 0.00352396 0.00569925 8.21839e-14 0.000171501
6.5275e+09 0.00941701 0.00576495 0.000180235 6.11318e-14 0.00345168 0.00563838 8.3746e-14 0.000180225
6.645e+09 0.0100167 0.00607082 0.000188903 6.58037e-14 0.0033791 0.0055755 8.52671e-14 0.000188894
6.7625e+09 0.0106264 0.00637574 0.000197465 7.06646e-14 0.00330665 0.00551128 8.67648e-14 0.000197455
6.88e+09 0.011242 0.00667703 0.000205867 7.56986e-14 0.00323471 0.00544631 8.82532e-14 0.000205857
6.9975e+09 0.0118583 0.00697166 0.000214058 8.08846e-14 0.00316352 0.005381 8.9737e-14 0.000214048
7.115e+09 0.0124695 0.0072563 0.000221987 8.61961e-14 0.00309323 0.00531561 9.12103e-14 0.000221976
7.2325e+09 0.0130691 0.00752731 0.000229604 9.16005e-14 0.00302391 0.00525027 9.26594e-14 0.000229593
7.35e+09 0.0136497 0.00778079 0.000236867 9.70594e-14 0.00295563 0.00518509 9.40692e-14 0.000236856
7.4675e+09 0.0142034 0.00801264 0.000243739 1.02528e-13 0.00288848 0.00512028 9.54295e-14 0.000243728
7.585e+09 0.0147217 0.00821861 0.000250193 1.07956e-13 0.00282262 0.00505613 9.67388e-14 0.000250181
7.7025e+09 0.0151954 0.00839438 0.000256211 1.13287e-13 0.00275824 0.004993 9.80035e-14 0.000256198
7.82e+09 0.0156153 0.00853569 0.000261788 1.18458e-13 0.0026955 0.00493127 9.92344e-14 0.000261775
7.9375e+09 0.0159721 0.00863845 0.000266933 1.23406e-13 0.00263457 0.00487127 1.00441e-13 0.000266919
8.055e+09 0.0162565 0.00869888 0.000271666 1.28059e-13 0.00257549 0.00481317 1.01629e-13 0.000271653
8.1725e+09 0.0164599 0.00871366 0.000276025 1.32349e-13 0.00251827 0.00475704 1.02795e-13 0.000276011
8.29e+09 0.0165745 0.00868012 0.00028006 1.36206e-13 0.00246283 0.00470281 1.03931e-13 0.000280046
8.4075e+09 0.0165938 0.00859638 0.000283837 1.39565e-13 0.00240908 0.00465037 1.05027e-13 0.000283823
8.525e+09 0.0165128 0.00846157 0.00028744 1.42367e-13 0.00235691 0.00459959 1.06076e-13 0.000287425
8.6425e+09 0.0163287 0.00827596 0.000290963 1.44565e-13 0.00230622 0.00455033 1.07078e-13 0.000290949
8.76e+09 0.0160414 0.00804111 0.000294518 1.46124e-13 0.00225692 0.00450246 1.08034e-13 0.000294503
8.8775e+09 0.0156533 0.00776 0.000298221 1.47031e-13 0.0022089 0.00445582 1.08951e-13 0.000298205
8.995e+09 0.0151702 0.00743708 0.000302196 1.47292e-13 0.00216201 0.00441016 1.0983e-13 0.00030218
9.1125e+09 0.0146012 0.00707828 0.000306565 1.46938e-13 0.00211608 0.00436517 1.10671e-13 0.000306549
9.23e+09 0.0139589 0.00669098 0.000311446 1.46029e-13 0.00207091 0.00432048 1.11469e-13 0.00031143
9.3475e+09 0.0132591 0.00628387 0.000316944 1.44654e-13 0.00202631 0.00427566 1.12215e-13 0.000316927
9.465e+09 0.012521 0.00586671 0.000323144 1.42932e-13 0.00198208 0.00423032 1.12904e-13 0.000323127
9.5825e+09 0.0117661 0.00545009 0.000330108 1.41007e-13 0.00193805 0.00418411 1.13533e-13 0.000330091
9.7e+09 0.011018 0.00504499 0.000337864 1.39051e-13 0.00189411 0.00413671 1.14103e-13 0.000337846
9.8175e+09 0.0103012 0.00466236 0.000346404 1.3725e-13 0.00185013 0.00408785 1.14617e-13 0.000346386
9.935e+09 0.00964033 0.00431259 0.000355677 1.35803e-13 0.00180604 0.0040373 1.15074e-13 0.000355659
1.00525e+10 0.00905853 0.004005 0.000365587 1.34907e-13 0.00176178 0.00398489 1.15475e-13 0.000365568
1.017e+10 0.00857631 0.00374727 0.000375992 1.34744e-13 0.00171731 0.00393049 1.15816e-13 0.000375973
1.02875e+10 0.00821019 0.00354492 0.000386711 1.35472e-13 0.00167265 0.00387404 1.16097e-13 0.000386691
1.0405e+10 0.00797139 0.0034009 0.000397526 1.37206e-13 0.00162785 0.00381562 1.16316e-13 0.000397506
1.05225e+10 0.00786478 0.0033153 0.000408194 1.40009e-13 0.00158299 0.00375537 1.16477e-13 0.000408174
1.064e+10 0.00788812 0.00328514 0.000418459 1.43877e-13 0.0015382 0.00369354 1.16586e-13 0.000418438
1.07575e+10 0.00803166 0.00330444 0.000428067 1.48735e-13 0.00149362 0.00363044 1.16647e-13 0.000428046
1.0875e+10 0.00827836 0.00336448 0.000436783 1.54427e-13 0.00144941 0.00356641 1.16663e-13 0.000436762
1.09925e+10 0.00860456 0.00345421 0.000444407 1.60729e-13 0.00140574 0.00350184 1.16638e-13 0.000444386
1.111e+10 0.00898125 0.00356099 0.00045079 1.67346e-13 0.00136276 0.00343714 1.16575e-13 0.000450769
1.12275e+10 0.00937594 0.00367138 0.000455852 1.73941e-13 0.00132062 0.0033727 1.16478e-13 0.000455831
1.1345e+10 0.00975491 0.00377211 0.000459583 1.80145e-13 0.00127947 0.00330889 1.16349e-13 0.000459562
1.14625e+10 0.0100857 0.00385106 0.000462055 1.85596e-13 0.00123941 0.00324604 1.16194e-13 0.000462033
1.158e+10 0.0103399 0.00389821 0.00046341 1.89964e-13 0.00120051 0.00318441 1.16013e-13 0.000463389
1.16975e+10 0.0104952 0.00390646 0.00046386 1.92985e-13 0.00116282 0.00312416 1.15807e-13 0.000463839
1.1815e+10 0.0105379 0.00387213 0.000463658 1.94489e-13 0.00112633 0.00306535 1.15574e-13 0.000463637
1.19325e+10 0.0104635 0.00379526 0.000463086 1.9442e-13 0.00109102 0.00300799 1.15311e-13 0.000463065
1.205e+10 0.0102776 0.00367951 0.00046242 1.92855e-13 0.00105682 0.00295199 1.15014e-13 0.0004624
1.21675e+10 0.00999498 0.00353165 0.000461913 1.89993e-13 0.00102367 0.00289718 1.1468e-13 0.000461892
1.2285e+10 0.00963798 0.00336077 0.000461759 1.86148e-13 0.000991463 0.00284339 1.14304e-13 0.000461739
1.24025e+10 0.00923381 0.00317727 0.000462085 1.81718e-13 0.000960117 0.00279038 1.1388e-13 0.000462065
1.252e+10 0.00881151 0.00299161 0.000462935 1.77141e-13 0.000929536 0.00273795 1.13403e-13 0.000462915
1.26375e+10 0.0083985 0.00281318 0.000464274 1.72851e-13 0.000899645 0.00268589 1.12868e-13 0.000464254
1.2755e+10 0.00801744 0.00264932 0.000465995 1.69226e-13 0.000870381 0.00263406 1.12271e-13 0.000465975
1.28725e+10 0.00768376 0.00250458 0.000467947 1.66549e-13 0.000841703 0.00258234 1.11612e-13 0.000467927
1.299e+10 0.00740432 0.00238049 0.000469956 1.64969e-13 0.000813587 0.00253068 1.10889e-13 0.000469935
1.31075e+10 0.00717731 0.00227574 0.000471856 1.64494e-13 0.000786024 0.00247908 1.10103e-13 0.000471836
1.3225e+10 0.00699364 0.00218676 0.000473521 1.64994e-13 0.000759015 0.00242754 1.09256e-13 0.0004735
1.33425e+10 0.00683937 0.00210868 0.000474876 1.66233e-13 0.000732568 0.00237613 1.0835e-13 0.000474855
1.346e+10 0.00669899 0.00203636 0.000475911 1.67909e-13 0.000706691 0.00232488 1.0739e-13 0.00047589
1.35775e+10 0.00655874 0.0019655 0.00047667 1.69711e-13 0.000681385 0.00227382 1.0638e-13 0.000476648
1.3695e+10 0.0064095 0.00189339 0.00047723 1.71368e-13 0.000656649 0.00222297 1.05324e-13 0.000477208
1.38125e+10 0.00624852 0.00181933 0.000477678 1.72697e-13 0.000632473 0.00217232 1.04225e-13 0.000477656
1.393e+10 0.0060797 0.00174457 0.000478071 1.73616e-13 0.000608843 0.00212185 1.03086e-13 0.000478049
1.40475e+10 0.00591219 0.00167179 0.000478415 1.74149e-13 0.000585746 0.00207154 1.01911e-13 0.000478393
1.4165e+10 0.0057578 0.00160424 0.000478644 1.74396e-13 0.000563173 0.00202138 1.00701e-13 0.000478621
1.42825e+10 0.0056276 0.00154478 0.000478623 1.74488e-13 0.000541123 0.00197138 9.9459e-14 0.000478601
1.44e+10 0.00552862 0.00149501 0.00047817 1.74537e-13 0.000519603 0.00192161 9.8187e-14 0.000478148
1.45175e+10 0.0054615 0.00145469 0.000477087 1.7459e-13 0.000498631 0.00187214 9.6887e-14 0.000477065
1.4635e+10 0.00541963 0.00142172 0.000475202 1.74606e-13 0.000478232 0.00182312 9.55611e-14 0.000475181
1.47525e+10 0.00539015 0.00139244 0.00047242 1.74452e-13 0.000458433 0.00177468 9.42111e-14 0.000472398
1.487e+10 0.00535655 0.00136252 0.000468741 1.7394e-13 0.000439258 0.00172696 9.28387e-14 0.00046872
1.49875e+10 0.00530232 0.00132785 0.000464281 1.72867e-13 0.000420722 0.00168008 9.14448e-14 0.00046426
1.5105e+10 0.00521463 0.00128553 0.000459249 1.71082e-13 0.000402828 0.0016341 9.00298e-14 0.000459228
1.52225e+10 0.0050872 0.00123441 0.000453912 1.68529e-13 0.000385563 0.00158904 8.85932e-14 0.000453892
1.534e+10 0.00492159 0.00117531 0.00044855 1.65277e-13 0.000368902 0.00154484 8.71338e-14 0.00044853
1.54575e+10 0.00472654 0.00111071 0.000443395 1.61519e-13 0.00035281 0.00150143 8.56498e-14 0.000443375
1.5575e+10 0.00451576 0.0010441 0.000438593 1.57534e-13 0.000337247 0.00145867 8.41392e-14 0.000438573
1.56925e+10 0.00430466 0.000979145 0.00043418 1.53635e-13 0.000322173 0.00141645 8.26006e-14 0.000434161
1.581e+10 0.00410712 0.000918932 0.000430085 1.50107e-13 0.000307556 0.00137468 8.10332e-14 0.000430066
1.59275e+10 0.00393287 0.000865433 0.000426151 1.47152e-13 0.000293371 0.00133326 7.94372e-14 0.000426132
1.6045e+10 0.00378626 0.000819316 0.000422179 1.44855e-13 0.000279607 0.0012922 7.78142e-14 0.000422161
1.61625e+10 0.00366633 0.000780061 0.000417967 1.43175e-13 0.000266259 0.0012515 7.6167e-14 0.000417949
1.628e+10 0.00356802 0.000746308 0.000413351 1.41962e-13 0.000253332 0.00121122 7.44995e-14 0.000413333
1.63975e+10 0.00348394 0.000716294 0.000408228 1.40994e-13 0.000240831 0.00117143 7.28158e-14 0.00040821
1.6515e+10 0.00340619 0.000688262 0.000402564 1.40017e-13 0.000228764 0.00113221 7.11207e-14 0.000402546
1.66325e+10 0.00332786 0.000660767 0.000396389 1.38795e-13 0.000217136 0.00109363 6.94181e-14 0.000396372
1.675e+10 0.00324403 0.000632851 0.000389778 1.37151e-13 0.000205945 0.00105575 6.77112e-14 0.00038976
1.68675e+10 0.00315223 0.000604084 0.000382826 1.34991e-13 0.000195189 0.00101859 6.60025e-14 0.000382809
1.6985e+10 0.00305227 0.000574507 0.000375632 1.32319e-13 0.000184858 0.000982179 6.42932e-14 0.000375616
1.71025e+10 0.00294575 0.000544494 0.000368276 1.29224e-13 0.000174942 0.000946509 6.25837e-14 0.00036826
1.722e+10 0.00283526 0.000514564 0.000360817 1.25852e-13 0.00016543 0.000911575 6.0874e-14 0.000360801
1.73375e+10 0.00272339 0.000485215 0.000353289 1.22366e-13 0.000156307 0.000877364 5.91638e-14 0.000353274
1.7455e+10 0.00261213 0.000456797 0.000345716 1.18908e-13 0.000147562 0.000843864 5.74533e-14 0.000345701
1.75725e+10 0.00250265 0.000429492 0.000338111 1.15569e-13 0.000139181 0.00081106 5.57427e-14 0.000338097
1.769e+10 0.00239557 0.000403379 0.000330493 1.12389e-13 0.000131153 0.00077894 5.40333e-14 0.000330478
1.78075e+10 0.00229155 0.000378532 0.000322869 1.09367e-13 0.000123467 0.000747488 5.23266e-14 0.000322855
1.7925e+10 0.00219168 0.000355092 0.000315236 1.06482e-13 0.000116109 0.00071669 5.06244e-14 0.000315222
1.80425e+10 0.00209744 0.000333242 0.000307564 1.03711e-13 0.000109071 0.000686542 4.89293e-14 0.00030755
1.816e+10 0.00200997 0.000313099 0.000299798 1.01024e-13 0.000102343 0.000657047 4.72438e-14 0.000299785
1.82775e+10 0.00192924 0.000294589 0.000291876 9.83794e-14 9.59203e-05 0.000628218 4.55705e-14 0.000291864
1.8395e+10 0.00185357 0.000277389 0.000283751 9.5712e-14 8.97977e-05 0.000600088 4.3912e-14 0.000283739
1.85125e+10 0.00177998 0.000261011 0.000275421 9.29449e-14 8.39706e-05 0.000572685 4.2271e-14 0.000275409
1.863e+10 0.00170539 0.000244984 0.000266934 9.00143e-14 7.84328e-05 0.00054603 4.06489e-14 0.000266922
1.87475e+10 0.00162797 0.000229054 0.00025838 8.69014e-14 7.31777e-05 0.000520141 3.90475e-14 0.000258369
1.8865e+10 0.00154799 0.000213276 0.000249853 8.36506e-14 6.81941e-05 0.000495001 3.74675e-14 0.000249843
1.89825e+10 0.00146756 0.00019795 0.000241418 8.03577e-14 6.34707e-05 0.000470594 3.5909e-14 0.000241408
1.91e+10 0.00138943 0.000183435 0.000233092 7.71315e-14 5.89976e-05 0.000446911 3.43733e-14 0.000233082
1.92175e+10 0.00131561 0.000169966 0.000224848 7.40484e-14 5.47623e-05 0.000423918 3.28609e-14 0.000224838
1.9335e+10 0.00124667 0.000157568 0.000216645 7.11238e-14 5.07572e-05 0.00040162 3.13729e-14 0.000216636
1.94525e+10 0.00118183 0.0001461 0.000208455 6.83173e-14 4.69765e-05 0.000380032 2.99124e-14 0.000208446
1.957e+10 0.00111987 0.000135373 0.000200267 6.55621e-14 4.34091e-05 0.000359129 2.84799e-14 0.000200258
1.96875e+10 0.00105983 0.000125245 0.0001921 6.28025e-14 4.00514e-05 0.000338944 2.70778e-14 0.000192092
1.9805e+10 0.00100124 0.000115641 0.000183978 6.00137e-14 3.68966e-05 0.000319485 2.57089e-14 0.000183971
1.99225e+10 0.000943992 0.00010653 0.000175917 5.72023e-14 3.39317e-05 0.000300704 2.43717e-14 0.00017591
2.004e+10 0.000888069 9.7896e-05 0.000167958 5.43954e-14 3.11556e-05 0.000282655 2.30689e-14 0.000167951
2.01575e+10 0.000833554 8.97315e-05 0.00016012 5.16253e-14 2.85576e-05 0.000265308 2.18017e-14 0.000160113
2.0275e+10 0.00078078 8.20558e-05 0.000152418 4.89215e-14 2.61253e-05 0.000248611 2.05679e-14 0.000152411
2.03925e+10 0.000730316 7.4909e-05 0.000144883 4.63068e-14 2.38595e-05 0.000232637 1.93713e-14 0.000144877
2.051e+10 0.000682551 6.83078e-05 0.000137488 4.37871e-14 2.17453e-05 0.000217306 1.82118e-14 0.000137482
2.06275e+10 0.000637477 6.2227e-05 0.000130225 4.13507e-14 1.97757e-05 0.000202609 1.70879e-14 0.000130219
2.0745e+10 0.000594655 5.66007e-05 0.000123116 3.89774e-14 1.79522e-05 0.000188627 1.6005e-14 0.000123111
2.08625e+10 0.000553467 5.13513e-05 0.000116135 3.66461e-14 1.62568e-05 0.000175234 1.49601e-14 0.000116131
2.098e+10 0.000513741 4.64476e-05 0.000109338 3.4357e-14 1.46903e-05 0.0001625 1.39539e-14 0.000109333
2.10975e+10 0.000475635 4.18894e-05 0.000102745 3.21295e-14 1.32471e-05 0.00015043 1.29901e-14 0.000102741
2.1215e+10 0.000439378 3.76817e-05 9.63257e-05 2.99816e-14 1.1911e-05 0.0001389 1.20633e-14 9.63218e-05
2.13325e+10 0.000405223 3.38291e-05 9.01423e-05 2.79274e-14 1.06882e-05 0.000128043 1.1178e-14 9.01386e-05
2.145e+10 0.000373013 3.03016e-05 8.41456e-05 2.59619e-14 9.56358e-06 0.00011774 1.03333e-14 8.41422e-05
2.15675e+10 0.000342633 2.7074e-05 7.83464e-05 2.40738e-14 8.53226e-06 0.000107991 9.52643e-15 7.83433e-05
2.1685e+10 0.000314008 2.41255e-05 7.27906e-05 2.22618e-14 7.59546e-06 9.88702e-05 8.7625e-15 7.27877e-05
2.18025e+10 0.000286882 2.14229e-05 6.74113e-05 2.05207e-14 6.73631e-06 9.02182e-05 8.03597e-15 6.74086e-05
2.192e+10 0.000261396 1.89642e-05 6.22953e-05 1.886e-14 5.96024e-06 8.2163e-05 7.34975e-15 6.22928e-05
2.20375e+10 0.000237474 1.67313e-05 5.73936e-05 1.72852e-14 5.25517e-06 7.45972e-05 6.70271e-15 5.73913e-05
2.2155e+10 0.000215167 1.47156e-05 5.2715e-05 1.57948e-14 4.61728e-06 6.75204e-05 6.09285e-15 5.27129e-05
2.22725e+10 0.000194472 1.29049e-05 4.82938e-05 1.43914e-14 4.04524e-06 6.09678e-05 5.52143e-15 4.82919e-05
2.239e+10 0.000175112 1.12695e-05 4.40627e-05 1.30632e-14 3.52819e-06 5.48297e-05 4.98717e-15 4.4061e-05
2.25075e+10 0.000157224 9.80825e-06 4.01045e-05 1.18158e-14 3.06842e-06 4.9192e-05 4.48702e-15 4.01029e-05
2.2625e+10 0.00014058 8.49704e-06 3.63432e-05 1.06471e-14 2.65603e-06 4.39484e-05 4.0257e-15 3.63418e-05
2.27425e+10 0.000125313 7.3349e-06 3.28345e-05 9.55721e-15 2.2906e-06 3.91388e-05 3.59294e-15 3.28332e-05
2.286e+10 0.00011126 6.30318e-06 2.95402e-05 8.54749e-15 1.96675e-06 3.47204e-05 3.19996e-15 2.95391e-05
2.29775e+10 9.83961e-05 5.39246e-06 2.6468e-05 7.60749e-15 1.68049e-06 3.06679e-05 2.83098e-15 2.6467e-05
2.3095e+10 8.66577e-05 4.59157e-06 2.36219e-05 6.74515e-15 1.43008e-06 2.69939e-05 2.5008e-15 2.3621e-05
2.32125e+10 7.59559e-05 3.88874e-06 2.09754e-05 5.94669e-15 1.20962e-06 2.36299e-05 2.19134e-15 2.09746e-05
2.333e+10 6.63027e-05 3.27802e-06 1.85532e-05 5.22385e-15 1.01923e-06 2.06183e-05 1.91829e-15 1.85525e-05
2.34475e+10 5.75607e-05 2.74645e-06 1.63122e-05 4.55792e-15 8.5251e-07 1.78696e-05 1.66293e-15 1.63116e-05
2.3565e+10 4.97451e-05 2.28918e-06 1.42858e-05 3.96286e-15 7.10642e-07 1.54448e-05 1.4419e-15 1.42853e-05
2.36825e+10 4.27219e-05 1.89485e-06 1.24209e-05 3.41668e-15 5.86797e-07 1.3232e-05 1.23377e-15 1.24204e-05
2.38e+10 3.65157e-05 1.55991e-06 1.07624e-05 2.93852e-15 4.83703e-07 1.13246e-05 1.06052e-15 1.0762e-05
2.39175e+10 3.09817e-05 1.27382e-06 9.23641e-06 2.49817e-15 3.93337e-07 9.56816e-06 8.91678e-16 9.23608e-06
2.4035e+10 2.61635e-05 1.03456e-06 7.91408e-06 2.12533e-15 3.20593e-07 8.10886e-06 7.6221e-16 7.91379e-06
2.41525e+10 2.18838e-05 8.31582e-07 6.68691e-06 1.77511e-15 2.55941e-07 6.73635e-06 6.25241e-16 6.68667e-06
2.427e+10 1.82476e-05 6.65824e-07 5.66426e-06 1.49563e-15 2.06191e-07 5.65179e-06 5.33611e-16 5.66406e-06
2.43875e+10 1.50102e-05 5.25467e-07 4.70141e-06 1.22184e-15 1.61349e-07 4.60976e-06 4.25167e-16 4.70124e-06
2.4505e+10 1.23302e-05 4.13765e-07 3.92298e-06 1.01827e-15 1.2775e-07 3.80759e-06 3.5985e-16 3.92284e-06
2.46225e+10 9.98353e-06 3.20845e-07 3.21019e-06 8.1592e-16 9.86419e-08 3.06989e-06 2.82955e-16 3.21008e-06
2.474e+10 8.01149e-06 2.46341e-07 2.60622e-06 6.61438e-16 7.55275e-08 2.45672e-06 2.29093e-16 2.60613e-06
2.48575e+10 6.42886e-06 1.88946e-07 2.1253e-06 5.32197e-16 5.82802e-08 1.98332e-06 1.85278e-16 2.12523e-06
2.4975e+10 4.98699e-06 1.39948e-07 1.65978e-06 4.06224e-16 4.27587e-08 1.52395e-06 1.38749e-16 1.65972e-06
2.50925e+10 3.94536e-06 1.05601e-07 1.33473e-06 3.30704e-16 3.23808e-08 1.21e-06 1.13298e-16 1.33468e-06
2.521e+10 3.01675e-06 7.6926e-08 1.03347e-06 2.46821e-16 2.36311e-08 9.26891e-07 8.48346e-17 1.03344e-06
2.53275e+10 2.25466e-06 5.47071e-08 7.7904e-07 1.8392e-16 1.67054e-08 6.88609e-07 6.21864e-17 7.79015e-07
2.5445e+10 1.73194e-06 3.99373e-08 6.05787e-07 1.45071e-16 1.2131e-08 5.26181e-07 4.83106e-17 6.05767e-07
2.55625e+10 1.2646e-06 2.76759e-08 4.4921e-07 1.03298e-16 8.46306e-09 3.86779e-07 3.49721e-17 4.49196e-07
2.568e+10 8.94777e-07 1.85591e-08 3.21825e-07 7.18713e-17 5.69344e-09 2.74547e-07 2.43581e-17 3.21815e-07
2.57975e+10 6.47592e-07 1.27115e-08 2.34233e-07 5.29266e-17 3.84676e-09 1.96015e-07 1.73743e-17 2.34225e-07
2.5915e+10 4.5917e-07 8.51608e-09 1.67706e-07 3.76691e-17 2.55912e-09 1.38011e-07 1.22101e-17 1.677e-07
2.60325e+10 3.10531e-07 5.43281e-09 1.15319e-07 2.5085e-17 1.64425e-09 9.40025e-08 8.22942e-18 1.15316e-07
2.615e+10 2.04359e-07 3.3667e-09 7.71108e-08 1.62348e-17 1.0263e-09 6.23095e-08 5.38415e-18 7.71085e-08
2.62675e+10 1.32504e-07 2.05174e-09 5.06313e-08 1.04319e-17 6.26472e-10 4.04671e-08 3.46636e-18 5.06298e-08
2.6385e+10 8.43205e-08 1.22475e-09 3.26015e-08 6.638e-18 3.73744e-10 2.57368e-08 2.20132e-18 3.26005e-08
2.65025e+10 5.22066e-08 7.09814e-10 2.04072e-08 4.12672e-18 2.15878e-10 1.58813e-08 1.35497e-18 2.04066e-08
2.662e+10 3.09405e-08 3.92888e-10 1.22055e-08 2.42056e-18 1.18817e-10 9.35917e-09 7.83024e-19 1.22052e-08
2.67375e+10 1.74607e-08 2.06574e-10 6.97487e-09 1.33e-18 6.26263e-11 5.29473e-09 4.33104e-19 6.97468e-09
2.6855e+10 9.64601e-09 1.0605e-10 3.89867e-09 7.35498e-19 3.20958e-11 2.92006e-09 2.38136e-19 3.89857e-09
2.69725e+10 5.05189e-09 5.14693e-11 2.05813e-09 3.80498e-19 1.54763e-11 1.51942e-09 1.2128e-19 2.05807e-09
2.709e+10 2.49023e-09 2.344e-11 1.02961e-09 1.83672e-19 7.07762e-12 7.52103e-10 5.89728e-20 1.02958e-09
2.72075e+10 1.1654e-09 1.01019e-11 4.86453e-10 8.46509e-20 3.03939e-12 3.50729e-10 2.69352e-20 4.86441e-10
2.7325e+10 5.10674e-10 4.062e-12 2.15694e-10 3.6665e-20 1.22157e-12 1.53616e-10 1.16531e-20 2.15689e-10
2.74425e+10 1.13122e-09 8.22445e-12 9.09703e-11 1.77442e-18 9.32902e-12 1.28323e-09 2.34139e-18 9.09642e-11
2.756e+10 5.53924e-09 3.66561e-11 6.31733e-11 9.96593e-18 3.76028e-11 5.68235e-09 1.03374e-17 6.31699e-11
2.76775e+10 1.67973e-08 1.00709e-10 1.9681e-10 2.94765e-17 1.0301e-10 1.71812e-08 3.01218e-17 1.96803e-10
2.7795e+10 3.17028e-08 1.71323e-10 7.05685e-10 5.29266e-17 1.63466e-10 3.02488e-08 5.07191e-17 7.05703e-10
2.79125e+10 5.19489e-08 2.51617e-10 1.34409e-09 8.21751e-17 2.57599e-10 5.3184e-08 8.4537e-17 1.34408e-09
2.803e+10 8.69663e-08 3.75141e-10 2.73466e-09 1.31036e-16 3.71284e-10 8.6072e-08 1.29568e-16 2.73467e-09
2.81475e+10 1.37076e-07 5.22864e-10 5.35504e-09 1.94608e-16 5.03922e-10 1.3211e-07 1.85682e-16 5.35511e-09
2.8265e+10 2.30776e-07 7.7218e-10 8.78829e-09 3.03524e-16 7.59449e-10 2.26971e-07 3.01076e-16 8.78834e-09
2.83825e+10 3.38079e-07 9.83195e-10 1.60981e-08 4.29747e-16 9.90107e-10 3.40456e-07 4.31801e-16 1.60981e-08
